134,200 OK,0.1900109
71,200 OK,0.1920109
68,200 OK,0.20501170000000002
86,200 OK,0.20401160000000002
67,200 OK,0.20701180000000002
69,200 OK,0.20601170000000002
84,200 OK,0.20701190000000003
73,200 OK,0.2080119
74,200 OK,0.2090119
72,200 OK,0.2090119
85,200 OK,0.2120121
70,200 OK,0.2140122
75,200 OK,0.21501230000000002
82,200 OK,0.21501230000000002
76,200 OK,0.21701240000000002
78,200 OK,0.21601240000000002
89,200 OK,0.21501230000000002
80,200 OK,0.21601240000000002
87,200 OK,0.21501230000000002
79,200 OK,0.21601240000000002
77,200 OK,0.21901250000000003
66,200 OK,0.2210126
81,200 OK,0.21901250000000003
83,200 OK,0.21901250000000003
88,200 OK,0.21801240000000002
91,200 OK,0.2240128
101,200 OK,0.2230128
100,200 OK,0.22501290000000002
96,200 OK,0.22601290000000002
99,200 OK,0.22501290000000002
102,200 OK,0.2310132
104,200 OK,0.2310132
107,200 OK,0.23001310000000003
112,200 OK,0.2310132
92,200 OK,0.2330133
108,200 OK,0.2310132
98,200 OK,0.2330134
95,200 OK,0.2340134
90,200 OK,0.2340134
97,200 OK,0.2330134
93,200 OK,0.2340134
94,200 OK,0.2350134
103,200 OK,0.23801360000000002
111,200 OK,0.23801360000000002
110,200 OK,0.23801360000000002
114,200 OK,0.23901370000000002
105,200 OK,0.24001380000000003
106,200 OK,0.24001380000000003
115,200 OK,0.23901370000000002
116,200 OK,0.2430139
122,200 OK,0.2420139
125,200 OK,0.2420139
113,200 OK,0.2440139
119,200 OK,0.244014
121,200 OK,0.244014
126,200 OK,0.244014
109,200 OK,0.2460141
132,200 OK,0.2500143
5,200 OK,0.2500143
128,200 OK,0.2510144
3,200 OK,0.2510144
117,200 OK,0.25301450000000003
118,200 OK,0.25201450000000003
0,200 OK,0.2580148
120,200 OK,0.25401460000000003
124,200 OK,0.25401460000000003
133,200 OK,0.25401450000000003
127,200 OK,0.25501460000000004
123,200 OK,0.25601470000000004
4,200 OK,0.25701470000000004
14,200 OK,0.25601460000000004
7,200 OK,0.25701470000000004
129,200 OK,0.2580148
11,200 OK,0.25701470000000004
130,200 OK,0.2580148
13,200 OK,0.25701470000000004
2,200 OK,0.2660152
33,200 OK,0.2670153
131,200 OK,0.2680153
8,200 OK,0.2670152
10,200 OK,0.2670152
6,200 OK,0.2670152
9,200 OK,0.2670152
12,200 OK,0.2670152
1,200 OK,0.27701590000000004
15,200 OK,0.27501570000000003
16,200 OK,0.30201730000000004
17,200 OK,0.30201730000000004
21,200 OK,0.30201730000000004
22,200 OK,0.30201730000000004
20,200 OK,0.30201730000000004
18,200 OK,0.30201730000000004
19,200 OK,0.30201730000000004
24,200 OK,0.30201730000000004
23,200 OK,0.30201730000000004
25,200 OK,0.30201730000000004
27,200 OK,0.3050174
29,200 OK,0.3050174
65,200 OK,0.3050174
34,200 OK,0.3050174
31,200 OK,0.3050174
32,200 OK,0.3050174
28,200 OK,0.3050174
26,200 OK,0.3060175
63,200 OK,0.3040174
30,200 OK,0.3050174
35,200 OK,0.3050174
64,200 OK,0.3050175
50,200 OK,0.3060175
36,200 OK,0.3060175
61,200 OK,0.3090177
37,200 OK,0.3090177
39,200 OK,0.3090177
38,200 OK,0.3110178
45,200 OK,0.32101830000000003
42,200 OK,0.32101830000000003
41,200 OK,0.32201840000000004
40,200 OK,0.32301850000000004
52,200 OK,0.32301850000000004
43,200 OK,0.32301850000000004
44,200 OK,0.32301850000000004
51,200 OK,0.32301850000000004
46,200 OK,0.32301850000000004
48,200 OK,0.32401850000000004
49,200 OK,0.32401850000000004
47,200 OK,0.32501860000000005
58,200 OK,0.32501860000000005
59,200 OK,0.32601860000000005
62,200 OK,0.3290188
57,200 OK,0.3290188
53,200 OK,0.3290188
55,200 OK,0.3290188
54,200 OK,0.3290188
56,200 OK,0.3290188
60,200 OK,0.3310189
134,200 OK,0.0950054
19,200 OK,0.09600550000000001
20,200 OK,0.19301110000000002
0,200 OK,0.19301110000000002
26,200 OK,0.20401160000000002
23,200 OK,0.20401160000000002
21,200 OK,0.20501170000000002
31,200 OK,0.20301160000000001
28,200 OK,0.2080119
24,200 OK,0.210012
25,200 OK,0.210012
35,200 OK,0.209012
22,200 OK,0.210012
27,200 OK,0.211012
4,200 OK,0.21601240000000002
55,200 OK,0.21601240000000002
56,200 OK,0.2190126
60,200 OK,0.21801250000000003
58,200 OK,0.21801250000000003
30,200 OK,0.2190126
54,200 OK,0.2200126
62,200 OK,0.21901250000000003
57,200 OK,0.21901250000000003
2,200 OK,0.2200126
29,200 OK,0.2200126
1,200 OK,0.2210126
13,200 OK,0.2200126
63,200 OK,0.2200126
59,200 OK,0.2210126
61,200 OK,0.2210126
5,200 OK,0.2240128
39,200 OK,0.22501290000000002
16,200 OK,0.22401290000000001
15,200 OK,0.22401290000000001
11,200 OK,0.23601350000000001
10,200 OK,0.23701360000000002
6,200 OK,0.23801360000000002
42,200 OK,0.23901370000000002
8,200 OK,0.23701360000000002
12,200 OK,0.23601350000000001
64,200 OK,0.23701360000000002
14,200 OK,0.23701360000000002
9,200 OK,0.23701360000000002
41,200 OK,0.23901370000000002
37,200 OK,0.24001380000000003
18,200 OK,0.23701360000000002
38,200 OK,0.24001380000000003
43,200 OK,0.24001380000000003
7,200 OK,0.23901370000000002
65,200 OK,0.23901370000000002
45,200 OK,0.24701420000000002
66,200 OK,0.2420139
40,200 OK,0.24701420000000002
47,200 OK,0.24701420000000002
33,200 OK,0.24701420000000002
17,200 OK,0.244014
46,200 OK,0.24901430000000002
68,200 OK,0.246014
105,200 OK,0.245014
3,200 OK,0.25401460000000003
44,200 OK,0.25401460000000003
32,200 OK,0.25401460000000003
67,200 OK,0.24901420000000002
52,200 OK,0.25501460000000004
50,200 OK,0.25501460000000004
49,200 OK,0.25501460000000004
48,200 OK,0.25501460000000004
104,200 OK,0.24801420000000002
106,200 OK,0.25701470000000004
87,200 OK,0.262015
53,200 OK,0.2700155
97,200 OK,0.263015
96,200 OK,0.2640151
95,200 OK,0.2640151
70,200 OK,0.263015
51,200 OK,0.2710155
94,200 OK,0.2640151
71,200 OK,0.263015
108,200 OK,0.262015
102,200 OK,0.2610149
86,200 OK,0.2650152
88,200 OK,0.2630151
89,200 OK,0.2630151
107,200 OK,0.2630151
98,200 OK,0.2640151
72,200 OK,0.2640151
85,200 OK,0.2660152
103,200 OK,0.2670152
69,200 OK,0.2660152
99,200 OK,0.2640151
90,200 OK,0.2640151
100,200 OK,0.2640151
101,200 OK,0.2640151
73,200 OK,0.263015
91,200 OK,0.263015
74,200 OK,0.2650151
113,200 OK,0.2730156
75,200 OK,0.2740156
80,200 OK,0.27501570000000003
125,200 OK,0.2730156
81,200 OK,0.2740156
92,200 OK,0.27501570000000003
79,200 OK,0.27501570000000003
78,200 OK,0.27701580000000003
82,200 OK,0.27801590000000004
119,200 OK,0.27701590000000004
124,200 OK,0.27701590000000004
109,200 OK,0.27901600000000004
93,200 OK,0.27801590000000004
131,200 OK,0.27701590000000004
83,200 OK,0.27901600000000004
129,200 OK,0.27801590000000004
120,200 OK,0.28001600000000004
121,200 OK,0.28001600000000004
84,200 OK,0.2890165
111,200 OK,0.2900165
112,200 OK,0.2890165
116,200 OK,0.2880164
122,200 OK,0.2880164
126,200 OK,0.2880164
127,200 OK,0.2880164
110,200 OK,0.2900165
132,200 OK,0.2890165
76,200 OK,0.2910166
133,200 OK,0.2880165
118,200 OK,0.2900166
123,200 OK,0.2890165
77,200 OK,0.2910166
115,200 OK,0.2890165
114,200 OK,0.2900166
34,200 OK,0.3060175
117,200 OK,0.2920167
36,200 OK,0.3060175
130,200 OK,0.2920167
128,200 OK,0.2920167
134,200 OK,0.1340077
66,200 OK,0.1350077
3,200 OK,0.2520144
67,200 OK,0.2520144
5,200 OK,0.2510144
2,200 OK,0.2520144
0,200 OK,0.2520144
1,200 OK,0.2520144
4,200 OK,0.25201450000000003
68,200 OK,0.25201450000000003
11,200 OK,0.2510144
6,200 OK,0.25201450000000003
18,200 OK,0.2690153
30,200 OK,0.2680153
27,200 OK,0.2680153
29,200 OK,0.27501570000000003
32,200 OK,0.27501570000000003
35,200 OK,0.2740156
22,200 OK,0.27701580000000003
28,200 OK,0.27601580000000003
23,200 OK,0.27801590000000004
21,200 OK,0.27901590000000004
33,200 OK,0.27701580000000003
25,200 OK,0.27901590000000004
34,200 OK,0.27801590000000004
36,200 OK,0.28101600000000004
38,200 OK,0.28101600000000004
39,200 OK,0.2840162
45,200 OK,0.2830162
55,200 OK,0.2830162
46,200 OK,0.2830162
69,200 OK,0.2840162
31,200 OK,0.2850163
37,200 OK,0.2850163
47,200 OK,0.2870164
60,200 OK,0.2890166
70,200 OK,0.2910167
42,200 OK,0.2910167
41,200 OK,0.2910167
49,200 OK,0.2900166
50,200 OK,0.2900166
44,200 OK,0.2910167
48,200 OK,0.2900166
40,200 OK,0.2920167
51,200 OK,0.2920167
43,200 OK,0.2940168
52,200 OK,0.2930167
75,200 OK,0.29701700000000003
82,200 OK,0.2960169
84,200 OK,0.2960169
54,200 OK,0.29901710000000004
78,200 OK,0.29701700000000003
80,200 OK,0.2960169
58,200 OK,0.29801710000000003
56,200 OK,0.29901710000000004
53,200 OK,0.30001710000000004
57,200 OK,0.29901710000000004
102,200 OK,0.29901710000000004
59,200 OK,0.29901710000000004
90,200 OK,0.29701700000000003
79,200 OK,0.29901710000000004
81,200 OK,0.29901710000000004
96,200 OK,0.3040174
112,200 OK,0.30301730000000004
115,200 OK,0.3030174
113,200 OK,0.3050174
87,200 OK,0.3080176
89,200 OK,0.3080176
85,200 OK,0.3100177
83,200 OK,0.3100177
91,200 OK,0.3090177
88,200 OK,0.3090177
86,200 OK,0.3100177
126,200 OK,0.3050175
117,200 OK,0.3070176
122,200 OK,0.3060175
123,200 OK,0.3060175
116,200 OK,0.3080177
114,200 OK,0.31801820000000003
133,200 OK,0.316018
125,200 OK,0.3170181
121,200 OK,0.32101840000000004
120,200 OK,0.32101840000000004
127,200 OK,0.32101840000000004
129,200 OK,0.32101840000000004
119,200 OK,0.32201850000000004
131,200 OK,0.32001830000000003
64,200 OK,0.32001830000000003
128,200 OK,0.32101840000000004
130,200 OK,0.32101840000000004
92,200 OK,0.3260187
61,200 OK,0.32001830000000003
62,200 OK,0.32001830000000003
63,200 OK,0.32001830000000003
132,200 OK,0.32201840000000004
65,200 OK,0.32101830000000003
124,200 OK,0.32101840000000004
93,200 OK,0.3390194
95,200 OK,0.3380193
118,200 OK,0.3370193
99,200 OK,0.3380193
103,200 OK,0.3370193
100,200 OK,0.3380193
94,200 OK,0.3380193
101,200 OK,0.3380194
98,200 OK,0.3390194
97,200 OK,0.3390194
104,200 OK,0.35002
106,200 OK,0.35002
105,200 OK,0.3510201
107,200 OK,0.3600206
109,200 OK,0.3590205
108,200 OK,0.3600206
111,200 OK,0.3600206
110,200 OK,0.3600206
8,200 OK,0.6620379000000001
14,200 OK,0.6620379000000001
16,200 OK,0.6630379000000001
12,200 OK,0.6630379000000001
15,200 OK,0.664038
26,200 OK,0.6620379000000001
10,200 OK,0.6650381000000001
17,200 OK,0.664038
7,200 OK,0.6650381000000001
9,200 OK,0.6650381000000001
13,200 OK,0.664038
24,200 OK,0.6640379000000001
19,200 OK,0.7570433000000001
20,200 OK,0.7570433000000001
73,200 OK,0.8120464000000001
77,200 OK,0.8170467
72,200 OK,0.8170467
71,200 OK,0.8180468000000001
74,200 OK,0.8170467
76,200 OK,0.8180468000000001
58,200 OK,0.1150066
59,200 OK,0.24101380000000003
44,200 OK,0.24101380000000003
43,200 OK,0.2420139
62,200 OK,0.2420139
0,200 OK,0.2420139
45,200 OK,0.2420139
70,200 OK,0.24001370000000002
74,200 OK,0.23901370000000002
60,200 OK,0.2420139
61,200 OK,0.2420139
67,200 OK,0.24201380000000003
64,200 OK,0.245014
66,200 OK,0.245014
42,200 OK,0.2460141
68,200 OK,0.2440139
73,200 OK,0.2430139
1,200 OK,0.2460141
69,200 OK,0.2440139
63,200 OK,0.2460141
65,200 OK,0.2460141
75,200 OK,0.244014
71,200 OK,0.245014
80,200 OK,0.2430139
81,200 OK,0.2430139
77,200 OK,0.244014
84,200 OK,0.2420139
95,200 OK,0.24201380000000003
76,200 OK,0.245014
83,200 OK,0.2440139
72,200 OK,0.246014
82,200 OK,0.2440139
86,200 OK,0.2430139
78,200 OK,0.2460141
87,200 OK,0.244014
85,200 OK,0.244014
79,200 OK,0.245014
89,200 OK,0.244014
96,200 OK,0.2420139
97,200 OK,0.2430139
103,200 OK,0.24201380000000003
91,200 OK,0.2440139
102,200 OK,0.24201380000000003
93,200 OK,0.2440139
94,200 OK,0.2440139
98,200 OK,0.244014
88,200 OK,0.2460141
90,200 OK,0.245014
92,200 OK,0.245014
99,200 OK,0.244014
104,200 OK,0.25601460000000004
105,200 OK,0.25601460000000004
100,200 OK,0.25701470000000004
108,200 OK,0.25601460000000004
113,200 OK,0.25501460000000004
111,200 OK,0.25601460000000004
119,200 OK,0.25701470000000004
107,200 OK,0.2590148
114,200 OK,0.2580148
115,200 OK,0.2580148
109,200 OK,0.2590148
112,200 OK,0.2590148
110,200 OK,0.2600148
101,200 OK,0.262015
106,200 OK,0.2610149
116,200 OK,0.262015
120,200 OK,0.2610149
117,200 OK,0.262015
118,200 OK,0.262015
121,200 OK,0.262015
122,200 OK,0.262015
128,200 OK,0.27601580000000003
123,200 OK,0.27701580000000003
126,200 OK,0.27601580000000003
129,200 OK,0.27601580000000003
4,200 OK,0.2890166
130,200 OK,0.27601580000000003
127,200 OK,0.27701590000000004
6,200 OK,0.2900166
2,200 OK,0.2900166
133,200 OK,0.27701580000000003
131,200 OK,0.27701580000000003
125,200 OK,0.27801590000000004
132,200 OK,0.2810161
124,200 OK,0.2830162
5,200 OK,0.2940169
8,200 OK,0.2940169
13,200 OK,0.2950169
3,200 OK,0.2950169
17,200 OK,0.2950169
10,200 OK,0.29601700000000003
9,200 OK,0.29801710000000003
12,200 OK,0.29801710000000003
14,200 OK,0.29801710000000003
7,200 OK,0.29801710000000003
11,200 OK,0.29801710000000003
21,200 OK,0.30201730000000004
19,200 OK,0.3030174
23,200 OK,0.3030174
22,200 OK,0.3040174
16,200 OK,0.3040174
24,200 OK,0.3050175
20,200 OK,0.3050175
25,200 OK,0.3050175
15,200 OK,0.3050175
26,200 OK,0.3060176
18,200 OK,0.3090177
36,200 OK,0.3100178
33,200 OK,0.3120179
29,200 OK,0.3120179
31,200 OK,0.3120179
32,200 OK,0.3120179
27,200 OK,0.3120179
35,200 OK,0.314018
28,200 OK,0.314018
30,200 OK,0.314018
53,200 OK,0.29801700000000003
40,200 OK,0.32101840000000004
41,200 OK,0.32101840000000004
50,200 OK,0.29901710000000004
39,200 OK,0.32101840000000004
47,200 OK,0.30101720000000004
37,200 OK,0.32101840000000004
48,200 OK,0.29901710000000004
34,200 OK,0.32101840000000004
51,200 OK,0.314018
46,200 OK,0.34101960000000003
49,200 OK,0.32001830000000003
55,200 OK,0.31901820000000003
134,200 OK,0.34201960000000003
54,200 OK,0.31901820000000003
38,200 OK,0.34201960000000003
57,200 OK,0.32001830000000003
56,200 OK,0.32001830000000003
52,200 OK,0.32001830000000003
134,200 OK,0.158009
0,200 OK,0.158009
125,200 OK,0.3070175
47,200 OK,0.3140179
123,200 OK,0.3100177
124,200 OK,0.3100177
129,200 OK,0.3100177
132,200 OK,0.32201850000000004
72,200 OK,0.32201850000000004
130,200 OK,0.32301850000000004
131,200 OK,0.32401860000000005
75,200 OK,0.32401860000000005
71,200 OK,0.32401860000000005
86,200 OK,0.3260187
133,200 OK,0.3260187
74,200 OK,0.3260187
76,200 OK,0.32501860000000005
78,200 OK,0.3280188
89,200 OK,0.3280188
92,200 OK,0.3290188
91,200 OK,0.332019
87,200 OK,0.332019
79,200 OK,0.332019
73,200 OK,0.3330191
80,200 OK,0.332019
94,200 OK,0.332019
77,200 OK,0.332019
88,200 OK,0.332019
90,200 OK,0.3390194
99,200 OK,0.3390194
95,200 OK,0.3390194
100,200 OK,0.3390194
83,200 OK,0.3380193
96,200 OK,0.3390194
101,200 OK,0.3380193
98,200 OK,0.3390194
93,200 OK,0.3390194
97,200 OK,0.3400194
81,200 OK,0.3390193
82,200 OK,0.3390193
84,200 OK,0.3390193
85,200 OK,0.3390193
1,200 OK,0.5550317
2,200 OK,0.5550317
6,200 OK,0.7290417
10,200 OK,0.7370422000000001
7,200 OK,0.7370422000000001
4,200 OK,0.7440426
24,200 OK,0.7420425
17,200 OK,0.7430425
5,200 OK,0.7440426
3,200 OK,0.7450426
23,200 OK,0.7460427000000001
18,200 OK,0.7460427000000001
15,200 OK,0.7460427000000001
19,200 OK,0.7460427000000001
16,200 OK,0.7460427000000001
22,200 OK,0.7460427000000001
20,200 OK,0.7470427000000001
26,200 OK,0.751043
54,200 OK,0.7570433000000001
28,200 OK,0.7590435000000001
55,200 OK,0.7570433000000001
29,200 OK,0.7590435000000001
31,200 OK,0.7590435000000001
35,200 OK,0.7580434
33,200 OK,0.7590435000000001
30,200 OK,0.7590435000000001
52,200 OK,0.7570433000000001
36,200 OK,0.7590434
32,200 OK,0.7600435000000001
34,200 OK,0.7600435000000001
53,200 OK,0.7580433000000001
9,200 OK,0.7690440000000001
11,200 OK,0.7760444000000001
25,200 OK,0.7740443
21,200 OK,0.7770444000000001
44,200 OK,0.7830448000000001
61,200 OK,0.7890451
49,200 OK,0.7900451000000001
60,200 OK,0.7890451
56,200 OK,0.7910452
8,200 OK,0.7960456
59,200 OK,0.7910453000000001
51,200 OK,0.7920453000000001
58,200 OK,0.7910453000000001
50,200 OK,0.7920453000000001
27,200 OK,0.7950455000000001
45,200 OK,0.7940454
57,200 OK,0.7920453000000001
46,200 OK,0.7930453000000001
48,200 OK,0.7950454
62,200 OK,0.8150466000000001
67,200 OK,0.8210469
109,200 OK,0.8210469
68,200 OK,0.8220470000000001
103,200 OK,0.8250472000000001
69,200 OK,0.8250472000000001
63,200 OK,0.8260473
66,200 OK,0.8270473
70,200 OK,0.8260472000000001
64,200 OK,0.8270473
65,200 OK,0.8270473
107,200 OK,0.8280473
105,200 OK,0.8280473
104,200 OK,0.8280473
102,200 OK,0.8280473
106,200 OK,0.8320476
108,200 OK,0.8320476
112,200 OK,0.8520488
121,200 OK,0.8590491
120,200 OK,0.8590491
114,200 OK,0.8610493
115,200 OK,0.8620493
111,200 OK,0.8620493
110,200 OK,0.8620493
117,200 OK,0.8620493
116,200 OK,0.8620493
118,200 OK,0.8650495
119,200 OK,0.8650495
113,200 OK,0.8650495
127,200 OK,0.8940511000000001
128,200 OK,0.8940511000000001
122,200 OK,0.8960512
126,200 OK,0.8960512
12,200 OK,4.2182413
13,200 OK,4.2202414
37,200 OK,4.2212414
39,200 OK,4.2222415
41,200 OK,4.2252417
43,200 OK,4.2272418
14,200 OK,4.248243
38,200 OK,4.2552434
40,200 OK,4.2582436
42,200 OK,4.2592436
